0.0005603640759321245
0.000634182974119652
0.000634182974119652
0.000634182974119652
0.0006746627384251618
0.0015080808596155382
0.0020548747705235884
0.0013325402475562896
0.002631927643584167
0.001106786608976293
0.004886471943898037
0.0008122751442661573
0.16622936826240906
0.0006746627384251618
0.0007635386356101878
0.010267416186689105
0.0007177263174735764
0.0038151078882675705
0.0009192792488299653
0.04005422998906019
0.0006746627384251618
0.001106786608976293
0.0051983744084021675
0.0008641224939001673
0.8305839999999999
0.0006746627384251618
0.0007177263174735764
0.0010403794124377154
0.01236168308887374
0.0007635386356101878
0.004058625413050607
0.0009779566476914524
0.029395960503105972
0.0007177263174735764
0.001417596008038606
0.0027999230250895396
0.0011774325627407374
0.0051983744084021675
0.0008641224939001673
0.18812739730919997
0.0007177263174735764
0.0008122751442661573
0.010922783177328836
0.0007635386356101878
0.004317686609628306
0.0009779566476914524
0.03326840256123356
0.0007177263174735764
0.0013325402475562896
0.003371029330073225
0.0010403794124377154
0.015833108620309583
0.0007635386356101878
0.0029786415160527016
0.001106786608976293
0.009072288942558493
0.0008122751442661573
0.010922783177328836
0.0007635386356101878
0.004058625413050607
0.0009779566476914524
0.04005422998906019
0.0007177263174735764
0.0011774325627407374
0.005883176107290819
0.0008641224939001673
0.0895336501525805
0.0007177263174735764
0.0009192792488299653
0.94
0.0007177263174735764
0.0007177263174735764
0.0009779566476914524
0.12199640200879287
0.0007177263174735764
0.0008641224939001673
0.019062621746036023
0.0007635386356101878
0.0021860369899187114
0.0015080808596155382
0.0029786415160527016
0.0011774325627407374
0.008016274509644683
0.0008641224939001673
0.020279384836208537
0.0007635386356101878
0.0020548747705235884
0.001706746106400564
0.0021860369899187114
0.0015080808596155382
0.0029786415160527016
0.0011774325627407374
0.008016274509644683
0.0008641224939001673
0.020279384836208537
0.0007635386356101878
0.001931582284292173
0.0018156873472346426
0.0020548747705235884
0.001706746106400564
0.0021860369899187114
0.0015080808596155382
0.0029786415160527016
0.0012525878327029122
0.0051983744084021675
0.0009779566476914524
0.14688026979666463
0.0007177263174735764
0.0008122751442661573
0.005883176107290819
0.0009192792488299653
0.22650014605289773
0.0007635386356101878
0.0008122751442661573
0.0051983744084021675
0.0009779566476914524
0.22650014605289773
0.0007635386356101878
0.0008122751442661573
0.0051983744084021675
0.0009779566476914524
0.3086236607781505
0.0007635386356101878
0.0008122751442661573
0.003586201414971516
0.001106786608976293
0.01684373257479743
0.0008122751442661573
0.0031687675702688316
0.0011774325627407374
0.009651371215487758
0.0008641224939001673
0.011619982103541315
0.0008122751442661573
0.004317686609628306
0.0010403794124377154
0.04261088296708531
0.0007635386356101878
0.0012525878327029122
0.006258697986479595
0.0009192792488299653
0.09524856399210692
0.0007635386356101878
0.0009779566476914524
0.5729948022286164
0.0007635386356101878
0.0007635386356101878
0.001417596008038606
0.0038151078882675705
0.001106786608976293
0.019062621746036023
0.0008122751442661573
0.0027999230250895396
0.0013325402475562896
0.004593283627264155
0.0010403794124377154
0.05457693208721702
0.0007635386356101878
0.001106786608976293
0.020279384836208537
0.0008122751442661573
0.0024740119849691166
0.0015080808596155382
0.0031687675702688316
0.0012525878327029122
0.006258697986479595
0.0009192792488299653
0.06570910598713318
0.0007635386356101878
0.0010403794124377154
0.06176655962790519
0.0007635386356101878
0.001106786608976293
0.01791886444127386
0.0008122751442661573
0.0027999230250895396
0.0013325402475562896
0.004886471943898037
0.0010403794124377154
0.05457693208721702
0.0007635386356101878
0.001106786608976293
0.020279384836208537
0.0008122751442661573
0.002631927643584167
0.001417596008038606
0.0038151078882675705
0.001106786608976293
0.019062621746036023
0.0008122751442661573
0.002631927643584167
0.001417596008038606
0.004058625413050607
0.001106786608976293
0.01791886444127386
0.0008122751442661573
0.0027999230250895396
0.0013325402475562896
0.004886471943898037
0.0010403794124377154
0.058060566050230876
0.0007635386356101878
0.001106786608976293
0.019062621746036023
0.0008122751442661573
0.002631927643584167
0.001417596008038606
0.004058625413050607
0.001106786608976293
0.01791886444127386
0.0008122751442661573
0.0027999230250895396
0.0013325402475562896
0.0051983744084021675
0.0009779566476914524
1
0.0007635386356101878
0.0012525878327029122
0.007083180156722041
0.0009192792488299653
0.03539191761833358
0.0008122751442661573
0.001706746106400564
0.0024740119849691166
0.0015080808596155382
0.003371029330073225
0.0012525878327029122
0.007083180156722041
0.0009192792488299653
0.03539191761833358
0.0008122751442661573
0.001706746106400564
0.0024740119849691166
0.0015080808596155382
0.003371029330073225
0.0012525878327029122
0.007083180156722041
0.0009192792488299653
0.03539191761833358
0.0008122751442661573
0.001706746106400564
0.0024740119849691166
0.0015080808596155382
0.003371029330073225
0.0012525878327029122
0.007083180156722041
0.0009192792488299653
0.03539191761833358
0.0008122751442661573
0.001706746106400564
0.0024740119849691166
0.0015080808596155382
0.003371029330073225
0.0012525878327029122
0.007083180156722041
0.0009192792488299653
0.03539191761833358
0.0008122751442661573
0.001706746106400564
0.0024740119849691166
0.0015080808596155382
0.003371029330073225
0.0012525878327029122
0.007083180156722041
0.0009192792488299653
0.03539191761833358
0.0008122751442661573
0.001706746106400564
0.0024740119849691166
0.0015080808596155382
0.003371029330073225
0.0012525878327029122
0.007083180156722041
0.0009192792488299653
0.03539191761833358
0.0008122751442661573
0.001706746106400564
0.0024740119849691166
0.0015080808596155382
0.003371029330073225
0.0012525878327029122
0.007083180156722041
0.0009192792488299653
0.03539191761833358
0.0008122751442661573
0.001706746106400564
0.0024740119849691166
0.0015080808596155382
0.003371029330073225
0.0011774325627407374
0.01236168308887374
0.0008641224939001673
0.006658189347318718
0.0009192792488299653
0.03765097618971658
0.0008122751442661573
0.0016043413400165301
0.0029786415160527016
0.0012525878327029122
0.008016274509644683
0.0009192792488299653
0.031272298407559546
0.0008122751442661573
0.001706746106400564
0.002631927643584167
0.001417596008038606
0.004317686609628306
0.001106786608976293
0.021573813655540997
0.0008122751442661573
0.0023255712658709696
0.0016043413400165301
0.0027999230250895396
0.001417596008038606
0.004058625413050607
0.001106786608976293
0.02295086559100106
0.0008122751442661573
0.0021860369899187114
0.001706746106400564
0.002631927643584167
0.001417596008038606
0.004317686609628306
0.0010403794124377154
0.1013282595660712
0.0007635386356101878
0.0009779566476914524
1
0.0007635386356101878
0.0007635386356101878
0.0010403794124377154
0.1013282595660712
0.0007635386356101878
0.0009192792488299653
0.03326840256123356
0.0008122751442661573
0.001706746106400564
0.0024740119849691166
0.0016043413400165301
0.0027999230250895396
0.001417596008038606
0.004058625413050607
0.001106786608976293
0.027632202872919613
0.0008122751442661573
0.0018156873472346426
0.0023255712658709696
0.0016043413400165301
0.0031687675702688316
0.0012525878327029122
0.0075352980390660015
0.0009192792488299653
0.029395960503105972
0.0008122751442661573
0.0018156873472346426
0.0023255712658709696
0.0016043413400165301
0.0029786415160527016
0.0013325402475562896
0.00553018554085337
0.0009779566476914524
0.6898697810559997
0.0007635386356101878
0.0008122751442661573
0.001417596008038606
0.004317686609628306
0.001106786608976293
0.024415814458511768
0.0008122751442661573
0.0020548747705235884
0.0018156873472346426
0.0023255712658709696
0.001706746106400564
0.0024740119849691166
0.0016043413400165301
0.0027999230250895396
0.001417596008038606
0.004317686609628306
0.001106786608976293
0.024415814458511768
0.0008122751442661573
0.0020548747705235884
0.001931582284292173
0.0020548747705235884
0.001931582284292173
0.0020548747705235884
0.0018156873472346426
0.0023255712658709696
0.001706746106400564
0.0024740119849691166
0.0015080808596155382
0.003586201414971516
0.0011774325627407374
0.013150726690291213
0.0008641224939001673
0.00553018554085337
0.0009779566476914524
0.5729948022286164
0.0007635386356101878
0.0008122751442661573
0.0016043413400165301
0.0029786415160527016
0.0013325402475562896
0.00553018554085337
0.0009779566476914524
0.5386151140948994
0.0007635386356101878
0.0008122751442661573
0.0016043413400165301
0.0031687675702688316
0.0012525878327029122
0.008016274509644683
0.0009192792488299653
0.025974270700544436
0.0008122751442661573
0.001931582284292173
0.0020548747705235884
0.001931582284292173
0.0020548747705235884
0.001931582284292173
0.0020548747705235884
0.001931582284292173
0.0020548747705235884
0.001931582284292173
0.0020548747705235884
0.001931582284292173
0.0020548747705235884
0.001931582284292173
0.0020548747705235884
0.001931582284292173
0.0020548747705235884
0.001931582284292173
0.0020548747705235884
0.001931582284292173
0.0020548747705235884
0.001931582284292173
0.0020548747705235884
0.001931582284292173
0.0020548747705235884
0.001931582284292173
0.0020548747705235884
0.001931582284292173
0.0020548747705235884
0.001931582284292173
0.0020548747705235884
0.001931582284292173
0.0020548747705235884
0.001931582284292173
0.0020548747705235884
0.001931582284292173
0.0020548747705235884
0.001931582284292173
0.0020548747705235884
0.001931582284292173
0.0020548747705235884
0.001931582284292173
0.0020548747705235884
0.001931582284292173
0.0020548747705235884
0.001931582284292173
0.0020548747705235884
0.001931582284292173
0.0020548747705235884
0.001931582284292173
0.0020548747705235884
0.001931582284292173
0.0020548747705235884
0.001931582284292173
0.0020548747705235884
0.001931582284292173
0.0020548747705235884
0.001931582284292173
0.0020548747705235884
0.001931582284292173
0.0020548747705235884
0.001931582284292173
0.0020548747705235884
0.001931582284292173
0.0020548747705235884
0.001931582284292173
0.0020548747705235884
0.001931582284292173
0.0020548747705235884
0.001931582284292173
0.0020548747705235884
0.001931582284292173
0.0020548747705235884
0.001931582284292173
0.0020548747705235884
0.001931582284292173
0.0020548747705235884
0.001931582284292173
0.0020548747705235884
0.001931582284292173
0.0020548747705235884
0.001931582284292173
0.0020548747705235884
0.001931582284292173
0.0020548747705235884
0.001931582284292173
0.0020548747705235884
0.001931582284292173
0.0020548747705235884
0.001931582284292173
0.0020548747705235884
0.001931582284292173
0.0020548747705235884
0.001931582284292173
0.0020548747705235884
0.001931582284292173
0.0020548747705235884
0.001931582284292173
0.0020548747705235884
0.001931582284292173
0.0020548747705235884
0.001931582284292173
0.0020548747705235884
0.001931582284292173
0.0020548747705235884
0.001931582284292173
0.0020548747705235884
0.001931582284292173
0.0020548747705235884
0.001931582284292173
0.0020548747705235884
0.001931582284292173
0.0020548747705235884
0.001931582284292173
0.0020548747705235884
0.001931582284292173
0.0020548747705235884
0.001931582284292173
0.0020548747705235884
0.001931582284292173
0.0020548747705235884
0.001931582284292173
0.0020548747705235884
0.001931582284292173
0.0020548747705235884
0.001931582284292173
0.0020548747705235884
0.001931582284292173
0.0020548747705235884
0.001931582284292173
0.0021860369899187114
0.001706746106400564
0.002631927643584167
0.001417596008038606
0.004593283627264155
0.0010403794124377154
0.13806745360886474
0.0007635386356101878
0.0009192792488299653
0.021573813655540997
0.0008122751442661573
0.0021860369899187114
0.0018156873472346426
0.0023255712658709696
0.0016043413400165301
0.0029786415160527016
0.0013325402475562896
0.005883176107290819
0.0009779566476914524
0.475920314814253
0.0007635386356101878
0.0008122751442661573
0.001706746106400564
0.002631927643584167
0.001417596008038606
0.004593283627264155
0.0010403794124377154
0.13806745360886474
0.0007635386356101878
0.0009192792488299653
0.021573813655540997
0.0008122751442661573
0.0021860369899187114
0.0018156873472346426
0.0023255712658709696
0.0016043413400165301
0.0029786415160527016
0.0013325402475562896
0.005883176107290819
0.0009779566476914524
0.4473650959253978
0.0007635386356101878
0.0008122751442661573
0.0018156873472346426
0.0023255712658709696
0.0016043413400165301
0.0031687675702688316
0.0012525878327029122
0.008016274509644683
0.0009192792488299653
0.024415814458511768
0.0008122751442661573
0.0020548747705235884
0.001931582284292173
0.0020548747705235884
0.001931582284292173
0.0020548747705235884
0.001931582284292173
0.0020548747705235884
0.001931582284292173
0.0020548747705235884
0.001931582284292173
0.0020548747705235884
0.001931582284292173
0.0020548747705235884
0.001931582284292173
0.0021860369899187114
0.001706746106400564
0.002631927643584167
0.0015080808596155382
0.003371029330073225
0.0012525878327029122
0.008016274509644683
0.0009192792488299653
0.024415814458511768
0.0008122751442661573
0.001931582284292173
0.0021860369899187114
0.001706746106400564
0.002631927643584167
0.0015080808596155382
0.003371029330073225
0.0012525878327029122
0.008016274509644683
0.0009192792488299653
0.024415814458511768
0.0008122751442661573
0.001931582284292173
0.0021860369899187114
0.001706746106400564
0.002631927643584167
0.0015080808596155382
0.003371029330073225
0.0012525878327029122
0.008016274509644683
0.0009192792488299653
0.024415814458511768
0.0008122751442661573
0.0020548747705235884
0.0018156873472346426
0.0023255712658709696
0.001706746106400564
0.002631927643584167
0.001417596008038606
0.004593283627264155
0.0010403794124377154
0.14688026979666463
0.0007635386356101878
0.0008641224939001673
0.007083180156722041
0.0009192792488299653
0.029395960503105972
0.0008122751442661573
0.0018156873472346426
0.0021860369899187114
0.0018156873472346426
0.0023255712658709696
0.0016043413400165301
0.0031687675702688316
0.0012525878327029122
0.008016274509644683
0.0009192792488299653
0.024415814458511768
0.0008122751442661573
0.0020548747705235884
0.001931582284292173
0.0020548747705235884
0.001931582284292173
0.0020548747705235884
0.001931582284292173
0.0020548747705235884
0.001931582284292173
0.0020548747705235884
0.001931582284292173
0.0020548747705235884
0.001931582284292173
0.0020548747705235884
0.001931582284292173
0.0021860369899187114
0.001706746106400564
0.002631927643584167
0.0015080808596155382
0.003371029330073225
0.0012525878327029122
0.008016274509644683
0.0009192792488299653
0.024415814458511768
0.0008122751442661573
0.001931582284292173
0.0021860369899187114
0.001706746106400564
0.002631927643584167
0.0015080808596155382
0.003371029330073225
0.0012525878327029122
0.008016274509644683
0.0009192792488299653
0.024415814458511768
0.0008122751442661573
0.0020548747705235884
0.0018156873472346426
0.0023255712658709696
0.001706746106400564
0.002631927643584167
0.001417596008038606
0.004593283627264155
0.0010403794124377154
0.14688026979666463
0.0007635386356101878
0.0008641224939001673
0.007083180156722041
0.0009192792488299653
0.029395960503105972
0.0008122751442661573
0.0018156873472346426
0.0021860369899187114
0.0018156873472346426
0.0023255712658709696
0.0016043413400165301
0.0031687675702688316
0.0012525878327029122
0.008016274509644683
0.0009192792488299653
0.024415814458511768
0.0008122751442661573
0.0020548747705235884
0.001931582284292173
0.0020548747705235884
0.001931582284292173
0.0020548747705235884
0.001931582284292173
0.0020548747705235884
0.001931582284292173
0.0020548747705235884
0.001931582284292173
0.0020548747705235884
0.001931582284292173
0.0021860369899187114
0.001706746106400564
0.002631927643584167
0.0015080808596155382
0.003371029330073225
0.0012525878327029122
0.008016274509644683
0.0009192792488299653
0.024415814458511768
0.0008122751442661573
0.001931582284292173
0.0021860369899187114
0.001706746106400564
0.002631927643584167
0.0015080808596155382
0.003371029330073225
0.0012525878327029122
0.008016274509644683
0.0009192792488299653
0.024415814458511768
0.0008122751442661573
0.0020548747705235884
0.0018156873472346426
0.0023255712658709696
0.001706746106400564
0.002631927643584167
0.001417596008038606
0.004593283627264155
0.0010403794124377154
0.14688026979666463
0.0007635386356101878
0.0009192792488299653
0.019062621746036023
0.0008122751442661573
0.0024740119849691166
0.0015080808596155382
0.003586201414971516
0.0011774325627407374
0.013990134776905546
0.0008641224939001673
0.004886471943898037
0.0010403794124377154
0.13806745360886474
0.0007635386356101878
0.0009192792488299653
0.021573813655540997
0.0008122751442661573
0.0021860369899187114
0.0018156873472346426
0.0021860369899187114
0.0018156873472346426
0.0023255712658709696
0.0016043413400165301
0.0031687675702688316
0.0012525878327029122
0.008527951606004983
0.0009192792488299653
0.021573813655540997
0.0008122751442661573
0.0021860369899187114
0.0018156873472346426
0.0023255712658709696
0.0016043413400165301
0.0029786415160527016
0.0013325402475562896
0.005883176107290819
0.0009779566476914524
0.42052319016987394
0.0007635386356101878
0.0008122751442661573
0.001931582284292173
0.0020548747705235884
0.001931582284292173
0.0020548747705235884
0.001931582284292173
0.0020548747705235884
0.001931582284292173
0.0020548747705235884
0.001931582284292173
0.0020548747705235884
0.001931582284292173
0.0021860369899187114
0.001706746106400564
0.002631927643584167
0.0015080808596155382
0.003371029330073225
0.0012525878327029122
0.008016274509644683
0.0009192792488299653
0.024415814458511768
0.0008122751442661573
0.001931582284292173
0.0021860369899187114
0.001706746106400564
0.002631927643584167
0.0015080808596155382
0.003586201414971516
0.0011774325627407374
0.013150726690291213
0.0008641224939001673
0.00553018554085337
0.0009779566476914524
0.4473650959253978
0.0007635386356101878
0.0008122751442661573
0.0018156873472346426
0.0021860369899187114
0.0018156873472346426
0.0023255712658709696
0.0016043413400165301
0.0031687675702688316
0.0012525878327029122
0.008527951606004983
0.0009192792488299653
0.021573813655540997
0.0008122751442661573
0.0021860369899187114
0.0018156873472346426
0.0023255712658709696
0.0016043413400165301
0.0029786415160527016
0.0013325402475562896
0.005883176107290819
0.0009779566476914524
0.42052319016987394
0.0007635386356101878
0.0008122751442661573
0.0018156873472346426
0.0023255712658709696
0.001706746106400564
0.002631927643584167
0.001417596008038606
0.004593283627264155
0.0010403794124377154
0.14688026979666463
0.0007635386356101878
0.0009192792488299653
0.020279384836208537
0.0008122751442661573
0.0021860369899187114
0.0018156873472346426
0.0023255712658709696
0.0016043413400165301
0.0031687675702688316
0.0012525878327029122
0.008527951606004983
0.0009192792488299653
0.021573813655540997
0.0008122751442661573
0.0021860369899187114
0.0018156873472346426
0.0023255712658709696
0.0016043413400165301
0.0029786415160527016
0.0013325402475562896
0.005883176107290819
0.0009779566476914524
0.42052319016987394
0.0007635386356101878
0.0008122751442661573
0.0018156873472346426
0.0023255712658709696
0.001706746106400564
0.002631927643584167
0.001417596008038606
0.004593283627264155
0.0010403794124377154
0.14688026979666463
0.0007635386356101878
0.0009192792488299653
0.020279384836208537
0.0008122751442661573
0.0021860369899187114
0.0018156873472346426
0.0023255712658709696
0.0016043413400165301
0.0031687675702688316
0.0012525878327029122
0.008527951606004983
0.0009192792488299653
0.021573813655540997
0.0008122751442661573
0.0021860369899187114
0.0018156873472346426
0.0023255712658709696
0.0016043413400165301
0.0029786415160527016
0.0013325402475562896
0.005883176107290819
0.0009779566476914524
0.42052319016987394
0.0007635386356101878
0.0008122751442661573
0.0018156873472346426
0.0023255712658709696
0.001706746106400564
0.002631927643584167
0.001417596008038606
0.004593283627264155
0.0010403794124377154
0.14688026979666463
0.0007635386356101878
0.0009192792488299653
0.020279384836208537
0.0008122751442661573
0.0021860369899187114
0.0018156873472346426
0.0023255712658709696
0.0016043413400165301
0.0031687675702688316
0.0012525878327029122
0.008527951606004983
0.0009192792488299653
0.021573813655540997
0.0008122751442661573
0.0021860369899187114
0.0018156873472346426
0.0023255712658709696
0.0016043413400165301
0.0029786415160527016
0.0013325402475562896
0.005883176107290819
0.0009779566476914524
0.42052319016987394
0.0007635386356101878
0.0008122751442661573
0.0018156873472346426
0.0023255712658709696
0.001706746106400564
0.0024740119849691166
0.0016043413400165301
0.0029786415160527016
0.0013325402475562896
0.005883176107290819
0.0009779566476914524
0.39529179875968146
0.0007635386356101878
0.0008122751442661573
0.001931582284292173
0.0021860369899187114
0.001706746106400564
0.002631927643584167
0.0015080808596155382
0.003371029330073225
0.0012525878327029122
0.008016274509644683
0.0009192792488299653
0.024415814458511768
0.0008122751442661573
0.001931582284292173
0.0021860369899187114
0.001706746106400564
0.002631927643584167
0.0015080808596155382
0.003586201414971516
0.0011774325627407374
0.013150726690291213
0.0008641224939001673
0.00553018554085337
0.0009779566476914524
0.42052319016987394
0.0007635386356101878
0.0008122751442661573
0.001931582284292173
0.0020548747705235884
0.001931582284292173
0.0020548747705235884
0.001931582284292173
0.0020548747705235884
0.001931582284292173
0.0020548747705235884
0.001931582284292173
0.0021860369899187114
0.001706746106400564
0.002631927643584167
0.0015080808596155382
0.003586201414971516
0.0011774325627407374
0.013150726690291213
0.0008641224939001673
0.00553018554085337
0.0009779566476914524
0.42052319016987394
0.0007635386356101878
0.0008122751442661573
0.0018156873472346426
0.0024740119849691166
0.0015080808596155382
0.003586201414971516
0.0011774325627407374
0.013990134776905546
0.0008641224939001673
0.004886471943898037
0.0010403794124377154
0.14688026979666463
0.0007635386356101878
0.0009192792488299653
0.019062621746036023
0.0008122751442661573
0.0023255712658709696
0.001706746106400564
0.002631927643584167
0.001417596008038606
0.004593283627264155
0.0010403794124377154
0.1562556061666645
0.0007635386356101878
0.0008641224939001673
0.006658189347318718
0.0009779566476914524
0.37157429083410054
0.0007635386356101878
0.0008122751442661573
0.0020548747705235884
0.0018156873472346426
0.0023255712658709696
0.001706746106400564
0.002631927643584167
0.001417596008038606
0.004593283627264155
0.0010403794124377154
0.1562556061666645
0.0007635386356101878
0.0008641224939001673
0.006658189347318718
0.0009779566476914524
0.37157429083410054
0.0007635386356101878
0.0008122751442661573
0.0020548747705235884
0.0018156873472346426
0.0023255712658709696
0.001706746106400564
0.002631927643584167
0.001417596008038606
0.004593283627264155
0.0010403794124377154
0.1562556061666645
0.0007635386356101878
0.0008641224939001673
0.006658189347318718
0.0009779566476914524
0.37157429083410054
0.0007635386356101878
0.0008122751442661573
0.0020548747705235884
0.0018156873472346426
0.0024740119849691166
0.0015080808596155382
0.003586201414971516
0.0011774325627407374
0.013990134776905546
0.0008641224939001673
0.004886471943898037
0.0010403794124377154
0.14688026979666463
0.0007635386356101878
0.0009192792488299653
0.019062621746036023
0.0008122751442661573
0.0023255712658709696
0.001706746106400564
0.002631927643584167
0.001417596008038606
0.004593283627264155
0.0010403794124377154
0.1562556061666645
0.0007635386356101878
0.0008641224939001673
0.006658189347318718
0.0009779566476914524
0.37157429083410054
0.0007635386356101878
0.0008122751442661573
0.0020548747705235884
0.0018156873472346426
0.0023255712658709696
0.001706746106400564
0.002631927643584167
0.001417596008038606
0.004593283627264155
0.0010403794124377154
0.1562556061666645
0.0007635386356101878
0.0008641224939001673
0.006658189347318718
0.0009779566476914524
0.37157429083410054
0.0007635386356101878
0.0008122751442661573
0.0020548747705235884
0.0018156873472346426
0.0023255712658709696
0.001706746106400564
0.002631927643584167
0.001417596008038606
0.004593283627264155
0.0010403794124377154
0.1562556061666645
0.0007635386356101878
0.0008641224939001673
0.006658189347318718
0.0009779566476914524
0.37157429083410054
0.0007635386356101878
0.0008122751442661573
0.0020548747705235884
0.0018156873472346426
0.0023255712658709696
0.001706746106400564
0.002631927643584167
0.001417596008038606
0.004593283627264155
0.0010403794124377154
0.1562556061666645
0.0007635386356101878
0.0008641224939001673
0.006658189347318718
0.0009779566476914524
0.37157429083410054
0.0007635386356101878
0.0008122751442661573
0.0020548747705235884
0.0018156873472346426
0.0023255712658709696
0.001706746106400564
0.002631927643584167
0.001417596008038606
0.004593283627264155
0.0010403794124377154
0.1562556061666645
0.0007635386356101878
0.0008641224939001673
0.006658189347318718
0.0009779566476914524
0.37157429083410054
0.0007635386356101878
0.0008122751442661573
0.0020548747705235884
0.0018156873472346426
0.0023255712658709696
0.001706746106400564
0.002631927643584167
0.001417596008038606
0.004593283627264155
0.0010403794124377154
0.1562556061666645
0.0007635386356101878
0.0008641224939001673
0.006658189347318718
0.0009779566476914524
0.37157429083410054
0.0007635386356101878
0.0008122751442661573
0.0020548747705235884
0.0018156873472346426
0.0023255712658709696
0.001706746106400564
0.002631927643584167
0.001417596008038606
0.004593283627264155
0.0010403794124377154
0.1562556061666645
0.0007635386356101878
0.0008641224939001673
0.006658189347318718
0.0009779566476914524
0.37157429083410054
0.0007635386356101878
0.0008122751442661573
0.001931582284292173
0.0021860369899187114
0.001706746106400564
0.0027999230250895396
0.0013325402475562896
0.006258697986479595
0.0009779566476914524
0.37157429083410054
0.0007635386356101878
0.0008122751442661573
0.0020548747705235884
0.001931582284292173
0.0020548747705235884
0.001931582284292173
0.0020548747705235884
0.001931582284292173
0.0020548747705235884
0.001931582284292173
0.0020548747705235884
0.001931582284292173
0.0021860369899187114
0.001706746106400564
0.002631927643584167
0.0015080808596155382
0.003586201414971516
0.0011774325627407374
0.013150726690291213
0.0008641224939001673
0.00553018554085337
0.0009779566476914524
0.42052319016987394
0.0007635386356101878
0.0008122751442661573
0.0018156873472346426
0.0024740119849691166
0.0015080808596155382
0.003586201414971516
0.0011774325627407374
0.013990134776905546
0.0008641224939001673
0.004886471943898037
0.0010403794124377154
0.14688026979666463
0.0007635386356101878
0.0009192792488299653
0.019062621746036023
0.0008122751442661573
0.0023255712658709696
0.001706746106400564
0.002631927643584167
0.001417596008038606
0.004593283627264155
0.0010403794124377154
0.1562556061666645
0.0007635386356101878
0.0008641224939001673
0.006658189347318718
0.0009779566476914524
0.37157429083410054
0.0007635386356101878
0.0008122751442661573
0.0020548747705235884
0.0018156873472346426
0.0023255712658709696
0.001706746106400564
0.002631927643584167
0.001417596008038606
0.004593283627264155
0.0010403794124377154
0.1562556061666645
0.0007635386356101878
0.0008641224939001673
0.006658189347318718
0.0009779566476914524
0.37157429083410054
0.0007635386356101878
0.0008122751442661573
0.0020548747705235884
0.0018156873472346426
0.0023255712658709696
0.001706746106400564
0.002631927643584167
0.001417596008038606
0.004593283627264155
0.0010403794124377154
0.1562556061666645
0.0007635386356101878
0.0008641224939001673
0.006658189347318718
0.0009779566476914524
0.37157429083410054
0.0007635386356101878
0.0008122751442661573
0.001931582284292173
0.0021860369899187114
0.001706746106400564
0.0027999230250895396
0.0013325402475562896
0.006258697986479595
0.0009779566476914524
0.37157429083410054
0.0007635386356101878
0.0008122751442661573
0.0020548747705235884
0.001931582284292173
0.0020548747705235884
0.001931582284292173
0.0020548747705235884
0.001931582284292173
0.0020548747705235884
0.001931582284292173
0.0020548747705235884
0.001931582284292173
0.0021860369899187114
0.001706746106400564
0.002631927643584167
0.0015080808596155382
0.003586201414971516
0.0011774325627407374
0.013150726690291213
0.0008641224939001673
0.00553018554085337
0.0009779566476914524
0.42052319016987394
0.0007635386356101878
0.0008122751442661573
0.0018156873472346426
0.0023255712658709696
0.001706746106400564
0.002631927643584167
0.001417596008038606
0.004593283627264155
0.0010403794124377154
0.1562556061666645
0.0007635386356101878
0.0008641224939001673
0.006658189347318718
0.0009779566476914524
0.37157429083410054
0.0007635386356101878
0.0008122751442661573
0.0020548747705235884
0.0018156873472346426
0.0023255712658709696
0.001706746106400564
0.002631927643584167
0.001417596008038606
0.004593283627264155
0.0010403794124377154
0.1562556061666645
0.0007635386356101878
0.0008641224939001673
0.006658189347318718
0.0009779566476914524
0.37157429083410054
0.0007635386356101878
0.0008122751442661573
0.0020548747705235884
0.0018156873472346426
0.0023255712658709696
0.001706746106400564
0.002631927643584167
0.001417596008038606
0.004593283627264155
0.0010403794124377154
0.1562556061666645
0.0007635386356101878
0.0008641224939001673
0.006658189347318718
0.0009779566476914524
0.37157429083410054
0.0007635386356101878
0.0008122751442661573
0.0020548747705235884
0.0018156873472346426
0.0023255712658709696
0.001706746106400564
0.002631927643584167
0.001417596008038606
0.004593283627264155
0.0010403794124377154
0.1562556061666645
0.0007635386356101878
0.0008641224939001673
0.006658189347318718
0.0009779566476914524
0.37157429083410054
0.0007635386356101878
0.0008122751442661573
0.001931582284292173
0.0021860369899187114
0.001706746106400564
0.0027999230250895396
0.0013325402475562896
0.006258697986479595
0.0009779566476914524
0.37157429083410054
0.0007635386356101878
0.0008122751442661573
0.0020548747705235884
0.001931582284292173
0.0020548747705235884
0.001931582284292173
0.0020548747705235884
0.001931582284292173
0.0020548747705235884
0.001931582284292173
0.0020548747705235884
0.001931582284292173
0.0021860369899187114
0.001706746106400564
0.002631927643584167
0.0015080808596155382
0.003586201414971516
0.0011774325627407374
0.013150726690291213
0.0008641224939001673
0.00553018554085337
0.0009779566476914524
0.42052319016987394
0.0007635386356101878
0.0008122751442661573
0.0018156873472346426
0.0023255712658709696
0.001706746106400564
0.002631927643584167
0.001417596008038606
0.004593283627264155
0.0010403794124377154
0.1562556061666645
0.0007635386356101878
0.0008641224939001673
0.006658189347318718
0.0009779566476914524
0.37157429083410054
0.0007635386356101878
0.0008122751442661573
0.0020548747705235884
0.0018156873472346426
0.0023255712658709696
0.001706746106400564
0.002631927643584167
0.001417596008038606
0.004593283627264155
0.0010403794124377154
0.1562556061666645
0.0007635386356101878
0.0008641224939001673
0.006658189347318718
0.0009779566476914524
0.37157429083410054
0.0007635386356101878
0.0008122751442661573
0.0020548747705235884
0.0018156873472346426
0.0023255712658709696
0.001706746106400564
0.002631927643584167
0.001417596008038606
0.004593283627264155
0.0010403794124377154
0.1562556061666645
0.0007635386356101878
0.0008641224939001673
0.006658189347318718
0.0009779566476914524
0.37157429083410054
0.0007635386356101878
0.0008122751442661573
0.0020548747705235884
0.0018156873472346426
0.0023255712658709696
0.001706746106400564
0.002631927643584167
0.001417596008038606
0.004593283627264155
0.0010403794124377154
0.1562556061666645
0.0007635386356101878
0.0008641224939001673
0.006658189347318718
0.0009779566476914524
0.37157429083410054
0.0007635386356101878
0.0008122751442661573
0.0020548747705235884
0.0018156873472346426
0.0023255712658709696
0.001706746106400564
0.002631927643584167
0.001417596008038606
0.004593283627264155
0.0010403794124377154
0.1562556061666645
0.0007635386356101878
0.0008641224939001673
0.006658189347318718
0.0009779566476914524
0.37157429083410054
0.0007635386356101878
0.0008122751442661573
0.001931582284292173
0.0021860369899187114
0.001706746106400564
0.0027999230250895396
0.0013325402475562896
0.006258697986479595
0.0009779566476914524
0.37157429083410054
0.0007635386356101878
0.0008122751442661573
0.0020548747705235884
0.001931582284292173
0.0020548747705235884
0.001931582284292173
0.0020548747705235884
0.001931582284292173
0.0020548747705235884
0.001931582284292173
0.0020548747705235884
0.001931582284292173
0.0021860369899187114
0.001706746106400564
0.002631927643584167
0.0015080808596155382
0.003586201414971516
0.0011774325627407374
0.013150726690291213
0.0008641224939001673
0.00553018554085337
0.0009779566476914524
0.42052319016987394
0.0007635386356101878
0.0008122751442661573
0.0018156873472346426
0.0023255712658709696
0.001706746106400564
0.002631927643584167
0.001417596008038606
0.004593283627264155
0.0010403794124377154
0.1562556061666645
0.0007635386356101878
0.0008641224939001673
0.006658189347318718
0.0009779566476914524
0.37157429083410054
0.0007635386356101878
0.0008122751442661573
0.0020548747705235884
0.0018156873472346426
0.0023255712658709696
0.001706746106400564
0.002631927643584167
0.001417596008038606
0.004593283627264155
0.0010403794124377154
0.1562556061666645
0.0007635386356101878
0.0008641224939001673
0.006658189347318718
0.0009779566476914524
0.37157429083410054
0.0007635386356101878
0.0008122751442661573
0.0020548747705235884
0.0018156873472346426
0.0023255712658709696
0.001706746106400564
0.002631927643584167
0.001417596008038606
0.004593283627264155
0.0010403794124377154
0.1562556061666645
0.0007635386356101878
0.0008641224939001673
0.006658189347318718
0.0009779566476914524
0.37157429083410054
0.0007635386356101878
0.0008122751442661573
0.0020548747705235884
0.0018156873472346426
0.0023255712658709696
0.001706746106400564
0.002631927643584167
0.001417596008038606
0.004593283627264155
0.0010403794124377154
0.1562556061666645
0.0007635386356101878
0.0008641224939001673
0.006658189347318718
0.0009779566476914524
0.37157429083410054
0.0007635386356101878
0.0008122751442661573
0.001931582284292173
0.0021860369899187114
0.001706746106400564
0.0027999230250895396
0.0013325402475562896
0.006258697986479595
0.0009779566476914524
0.37157429083410054
0.0007635386356101878
0.0008122751442661573
0.0020548747705235884
0.001931582284292173
0.0020548747705235884
0.001931582284292173
0.0020548747705235884
0.001931582284292173
0.0020548747705235884
0.001931582284292173
0.0020548747705235884
0.001931582284292173
0.0021860369899187114
0.001706746106400564
0.002631927643584167
0.0015080808596155382
0.003586201414971516
0.0011774325627407374
0.013150726690291213
0.0008641224939001673
0.00553018554085337
0.0009779566476914524
0.42052319016987394
0.0007635386356101878
0.0008122751442661573
0.0018156873472346426
0.0023255712658709696
0.001706746106400564
0.002631927643584167
0.001417596008038606
0.004593283627264155
0.0010403794124377154
0.1562556061666645
0.0007635386356101878
0.0008641224939001673
0.006658189347318718
0.0009779566476914524
0.37157429083410054
0.0007635386356101878
0.0008122751442661573
0.0020548747705235884
0.0018156873472346426
0.0023255712658709696
0.001706746106400564
0.002631927643584167
0.001417596008038606
0.004593283627264155
0.0010403794124377154
0.1562556061666645
0.0007635386356101878
0.0008641224939001673
0.006658189347318718
0.0009779566476914524
0.37157429083410054
0.0007635386356101878
0.0008122751442661573
0.0020548747705235884
0.0018156873472346426
0.0023255712658709696
0.001706746106400564
0.002631927643584167
0.001417596008038606
0.004593283627264155
0.0010403794124377154
0.1562556061666645
0.0007635386356101878
0.0008641224939001673
0.006658189347318718
0.0009779566476914524
0.37157429083410054
0.0007635386356101878
0.0008122751442661573
0.0020548747705235884
0.0018156873472346426
0.0023255712658709696
0.001706746106400564
0.002631927643584167
0.001417596008038606
0.004593283627264155
0.0010403794124377154
0.1562556061666645
0.0007635386356101878
0.0008641224939001673
0.006658189347318718
0.0009779566476914524
0.37157429083410054
0.0007635386356101878
0.0008122751442661573
0.001931582284292173
0.0021860369899187114
0.001706746106400564
0.0027999230250895396
0.0013325402475562896
0.006258697986479595
0.0009779566476914524
0.37157429083410054
0.0007635386356101878
0.0008122751442661573
0.0020548747705235884
0.001931582284292173
0.0020548747705235884
0.001931582284292173
0.0020548747705235884
0.001931582284292173
0.0020548747705235884
0.001931582284292173
0.0020548747705235884
0.001931582284292173
0.0021860369899187114
0.001706746106400564
0.002631927643584167
0.0015080808596155382
0.003586201414971516
0.0011774325627407374
0.013150726690291213
0.0008641224939001673
0.00553018554085337
0.0009779566476914524
0.42052319016987394
0.0007635386356101878
0.0008122751442661573
0.0018156873472346426
0.0023255712658709696
0.001706746106400564
0.002631927643584167
0.001417596008038606
0.004593283627264155
0.0010403794124377154
0.1562556061666645
0.0007635386356101878
0.0008641224939001673
0.006658189347318718
0.0009779566476914524
0.37157429083410054
0.0007635386356101878
0.0008122751442661573
0.0020548747705235884
0.0018156873472346426
0.0023255712658709696
0.001706746106400564
0.002631927643584167
0.001417596008038606
0.004593283627264155
0.0010403794124377154
0.1562556061666645
0.0007635386356101878
0.0008641224939001673
0.006658189347318718
0.0009779566476914524
0.37157429083410054
0.0007635386356101878
0.0008122751442661573
0.0020548747705235884
0.0018156873472346426
0.0023255712658709696
0.001706746106400564
0.002631927643584167
0.001417596008038606
0.004593283627264155
0.0010403794124377154
0.1562556061666645
0.0007635386356101878
0.0008641224939001673
0.006658189347318718
0.0009779566476914524
0.37157429083410054
0.0007635386356101878
0.0008122751442661573
0.001931582284292173
0.0021860369899187114
0.001706746106400564
0.0027999230250895396
0.0013325402475562896
0.006258697986479595
0.0009779566476914524
0.37157429083410054
0.0007635386356101878
0.0008122751442661573
0.0020548747705235884
0.001931582284292173
0.0020548747705235884
0.001931582284292173
0.0020548747705235884
0.001931582284292173
0.0020548747705235884
0.001931582284292173
0.0020548747705235884
0.001931582284292173
0.0021860369899187114
0.001706746106400564
0.002631927643584167
0.0015080808596155382
0.003586201414971516
0.0011774325627407374
0.013150726690291213
0.0008641224939001673
0.00553018554085337
0.0009779566476914524
0.42052319016987394
0.0007635386356101878
0.0008122751442661573
0.0018156873472346426
0.0023255712658709696
0.001706746106400564
0.002631927643584167
0.001417596008038606
0.004593283627264155
0.0010403794124377154
0.1562556061666645
0.0007635386356101878
0.0008641224939001673
0.006658189347318718
0.0009779566476914524
0.37157429083410054
0.0007635386356101878
0.0008122751442661573
0.001931582284292173
0.0021860369899187114
0.001706746106400564
0.0027999230250895396
0.0013325402475562896
0.006258697986479595
0.0009779566476914524
0.37157429083410054
0.0007635386356101878
0.0008122751442661573
0.0020548747705235884
0.001931582284292173
0.0020548747705235884
0.001931582284292173
0.0020548747705235884
0.001931582284292173
0.0020548747705235884
0.001931582284292173
0.0020548747705235884
0.001931582284292173
0.0021860369899187114
0.001706746106400564
0.002631927643584167
0.0015080808596155382
0.003586201414971516
0.0011774325627407374
0.013150726690291213
0.0008641224939001673
0.00553018554085337
0.0009779566476914524
0.42052319016987394
0.0007635386356101878
0.0008122751442661573
0.0018156873472346426
0.0023255712658709696
0.001706746106400564
0.002631927643584167
0.001417596008038606
0.004593283627264155
0.0010403794124377154
0.1562556061666645
0.0007635386356101878
0.0008641224939001673
0.006658189347318718
0.0009779566476914524
0.37157429083410054
0.0007635386356101878
0.0008122751442661573
0.001931582284292173
0.0021860369899187114
0.001706746106400564
0.0027999230250895396
0.0013325402475562896
0.006258697986479595
0.0009779566476914524
0.37157429083410054
0.0007635386356101878
0.0008122751442661573
0.0020548747705235884
0.0018156873472346426
0.0024740119849691166
0.0015080808596155382
0.003586201414971516
0.0011774325627407374
0.013990134776905546
0.0008641224939001673
0.004886471943898037
0.0010403794124377154
0.14688026979666463
0.0007635386356101878
0.0009192792488299653
0.019062621746036023
0.0008122751442661573
0.0024740119849691166
0.0015080808596155382
0.003586201414971516
0.0011774325627407374
0.013990134776905546
0.0008641224939001673
0.004886471943898037
0.0010403794124377154
0.14688026979666463
0.0007635386356101878
0.0009192792488299653
0.019062621746036023
0.0008122751442661573
0.0023255712658709696
0.001706746106400564
0.002631927643584167
0.001417596008038606
0.004593283627264155
0.0010403794124377154
0.1562556061666645
0.0007635386356101878
0.0008641224939001673
0.006658189347318718
0.0009779566476914524
0.37157429083410054
0.0007635386356101878
0.0008122751442661573
0.0020548747705235884
0.0018156873472346426
0.0024740119849691166
0.0015080808596155382
0.003586201414971516
0.0011774325627407374
0.013990134776905546
0.0008641224939001673
0.004886471943898037
0.0010403794124377154
0.14688026979666463
0.0007635386356101878
0.0009192792488299653
0.019062621746036023
0.0008122751442661573
0.0024740119849691166
0.0015080808596155382
0.003586201414971516
0.0011774325627407374
0.013990134776905546
0.0008641224939001673
0.004886471943898037
0.0010403794124377154
0.14688026979666463
0.0007635386356101878
0.0009192792488299653
0.019062621746036023
0.0008122751442661573
0.0024740119849691166
0.0015080808596155382
0.003586201414971516
0.0011774325627407374
0.013990134776905546
0.0008641224939001673
0.0051983744084021675
0.0010403794124377154
0.12978340639233285
0.0007635386356101878
0.0009192792488299653
0.021573813655540997
0.0008122751442661573
0.0021860369899187114
0.0018156873472346426
0.0021860369899187114
0.0018156873472346426
0.0023255712658709696
0.0016043413400165301
0.0031687675702688316
0.0012525878327029122
0.008527951606004983
0.0009192792488299653
0.021573813655540997
0.0008122751442661573
0.0021860369899187114
0.0018156873472346426
0.0023255712658709696
0.0016043413400165301
0.0029786415160527016
0.0013325402475562896
0.005883176107290819
0.0009779566476914524
0.42052319016987394
0.0007635386356101878
0.0008122751442661573
0.0018156873472346426
0.0023255712658709696
0.001706746106400564
0.0024740119849691166
